 2.24 
 2.26 
 2.29 
 2.26 
 2.27 
 2.3 
 2.3 
 2.28 
 2.27 
 2.23 
 2.21 
 2.18 
 2.17 
 2.14 
 2.2 
 2.22 
 2.18 
 2.26 
 2.27 
 2.28 
 2.33 
 2.35 
 2.33 
 2.34 
 2.34 
 2.35 
 2.36 
 2.38 
 2.37 
 2.39 
 2.33 
 2.37 
 2.38 
 2.37 
 2.4 
 2.41 
 2.41 
 2.39 
 2.39 
 2.39 
 2.4 
 2.42 
 2.44 
 2.44 
 2.42 
 2.4 
 2.36 
 2.36 
 2.34 
 2.32 
 2.34 
 2.34 
 2.38 
 2.4 
 2.39 
 2.41 
 2.37 
 2.34 
 2.28 
 2.31 
 2.2 
 2.19 
 2.22 
 2.27 
 2.23 
 2.21 
 2.18 
 2.15 
 2.17 
 2.14 
 2.12 
 2.07 
 2.07 
 2.07 
 1.93 
 1.96 
 1.97 
 1.95 
 1.89 
 1.89 
 1.86 
 1.84 
 1.84 
 1.79 
 1.81 
 1.88 
 1.85 
 1.84 
 1.78 
 1.84 
 1.79 
 1.82 
 1.91 
 1.83 
 1.82 
 1.84 
 1.88 
 1.91 
 1.9 
 1.96 
 1.94 
 1.89 
 1.88 
 1.89 
 1.91 
 1.92 
 1.87 
 1.87 
 1.88 
 1.86 
 1.84 
 1.85 
 1.82 
 1.84 
 1.8 
 1.8 
 1.79 
 1.79 
 1.76 
 1.76 
 1.77 
 1.79 
 1.83 
 1.83 
 1.8 
 1.79 
 1.8 
 1.77 
 1.75 
 1.72 
 1.73 
 1.71 
 1.72 
 1.76 
 1.74 
 1.71 
 1.7 
 1.74 
 1.74 
 1.73 
 1.71 
 1.71 
 1.71 
 1.7 
 1.71 
 1.7 
 1.7 
 1.68 
 1.66 
 1.65 
 1.63 
 1.6 
 1.64 
 1.61 
 1.61 
 1.61 
 1.62 
 1.61 
 1.58 
 1.57 
 1.54 
 1.52 
 1.54 
 1.54 
 1.53 
 1.51 
 1.5 
 1.49 
 1.46 
 1.48 
 1.5 
 1.55 
 1.55 
 1.56 
 1.58 
 1.57 
 1.56 
 1.6 
 1.57 
 1.57 
 1.52 
 1.55 
 1.53 
 1.54 
 1.52 
 1.52 
 1.52 
 1.49 
 1.48 
 1.52 
 1.5 
 1.5 
 1.49 
 1.5 
 1.5 
 1.5 
 1.51 
 1.5 
 1.5 
 1.5 
 1.49 
 1.49 
 1.47 
 1.46 
 1.46 
 1.44 
 1.41 
 1.43 
 1.45 
 1.41 
 1.41 
 1.4 
 1.4 
 1.43 
 1.41 
 1.45 
 1.47 
 1.48 
 1.46 
 1.45 
 1.44 
 1.44 
 1.43 
 1.43 
 1.42 
 1.4 
 1.41 
 1.38 
 1.39 
 1.38 
 1.4 
 1.39 
 1.38 
 1.36 
 1.36 
 1.32 
 1.32 
 1.32 
 1.31 
 1.33 
 1.31 
 1.32 
 1.31 
 1.31 
 1.27 
 1.27 
 1.25 
 1.24 
 1.24 
 1.23 
 1.19 
 1.22 
 1.26 
 1.26 
 1.25 
 1.22 
 1.2 
 1.2 
 1.19 
 1.18 
 1.16 
 1.15 
 1.12 
 1.12 
 1.11 
 1.12 
 1.11 
 1.1 
 1.08 
 1.07 
 1.07 
 1.08 
 1.17 
 1.24 
 1.2 
 1.26 
 1.29 
 1.22 
 1.21 
 1.23 
 1.26 
 1.26 
 1.29 
 1.27 
 1.28 
 1.29 
 1.31 
 1.33 
 1.39 
 1.4 
 1.41 
 1.37 
 1.36 
 1.4 
 1.4 
 1.39 
 1.33 
 1.34 
 1.37 
 1.41 
 1.41 
 1.41 
 1.43 
 1.42 
 1.44 
 1.42 
 1.42 
 1.45 
 1.49 
 1.48 
 1.44 
 1.42 
 1.44 
 1.44 
 1.45 
 1.44 
 1.39 
 1.41 
 1.4 
 1.42 
 1.45 
 1.45 
 1.45 
 1.46 
 1.51 
 1.48 
 1.45 
 1.48 
 1.52 
 1.54 
 1.52 
 1.54 
 1.53 
 1.5 
 1.47 
 1.5 
 1.52 
 1.5 
 1.53 
 1.54 
 1.5 
 1.5 
 1.48 
 1.49 
 1.47 
 1.49 
 1.49 
 1.49 
 1.5 
 1.48 
 1.48 
 1.44 
 1.44 
 1.43 
 1.43 
 1.41 
 1.41 
 1.43 
 1.43 
 1.42 
 1.43 
 1.43 
 1.43 
 1.43 
 1.46 
 1.49 
 1.48 
 1.52 
 1.52 
 1.51 
 1.51 
 1.52 
 1.53 
 1.55 
 1.59 
 1.58 
 1.6 
 1.6 
 1.61 
 1.63 
 1.63 
 1.66 
 1.67 
 1.67 
 1.67 
 1.7 
 1.64 
 1.63 
 1.65 
 1.62 
 1.61 
 1.61 
 1.61 
 1.61 
 1.6 
 1.59 
 1.57 
 1.59 
 1.63 
 1.63 
 1.65 
 1.65 
 1.66 
 1.64 
 1.62 
 1.65 
 1.66 
 1.68 
 1.72 
 1.78 
 1.77 
 1.8 
 1.81 
 1.8 
 1.84 
 1.84 
 1.83 
 1.88 
 1.81 
 1.78 
 1.78 
 1.77 
 1.76 
 1.74 
 1.75 
 1.77 
 1.77 
 1.85 
 1.82 
 1.84 
 1.88 
 1.88 
 1.89 
 1.88 
 1.88 
 1.86 
 1.89 
 1.86 
 1.86 
 1.79 
 1.82 
 1.78 
 1.75 
 1.7 
 1.7 
 1.66 
 1.74 
 1.71 
 1.69 
 1.72 
 1.7 
 1.69 
 1.68 
 1.7 
 1.68 
 1.67 
 1.69 
 1.7 
 1.76 
 1.76 
 1.77 
 1.77 
 1.82 
 1.82 
 1.84 
 1.86 
 1.85 
 1.81 
 1.8 
 1.81 

